model/includes/DEM_Romanche_LIIres50.asc
ncols        360
nrows        284
xllcorner    905472.587580971420
yllcorner    2008604.186224062500
cellsize     50.000000000000
[rows 38 to 75 of 284, columns 255 to 339 of 360]
2222 2225 2217 2219 2251 2258 2275 2257 2243 2239 2244 2252 2257 2247 2238 2242 2267 2276 2277 2269 2254 2230 2228 2216 2198 2192 2194 2179 2173 2160 2149 2138 2113 2124 2134 2139 2144 2143 2139 2162 2206 2220 2200 2188 2175 2147 2130 2103 2090 2061 2069 2095 2146 2137 2111 2072 2023 1999 1964 1936 1908 1897 1872 1810 1789 1757 1745 1764 1782 1795 1805 1813 1824 1837 1859 1869 1883 1892 1903 1916 1936 1966 1985 2005 2039
2264 2256 2257 2251 2260 2272 2291 2278 2265 2252 2276 2294 2304 2299 2283 2290 2294 2294 2285 2279 2272 2253 2248 2241 2235 2225 2214 2201 2186 2175 2170 2159 2162 2169 2176 2180 2196 2199 2199 2204 2237 2241 2212 2191 2198 2176 2160 2149 2128 2118 2124 2141 2166 2158 2127 2085 2079 2032 2005 1977 1944 1933 1911 1885 1808 1771 1753 1764 1777 1792 1804 1824 1836 1846 1871 1885 1899 1904 1912 1927 1949 1971 1996 2022 2040
2278 2294 2293 2291 2293 2306 2308 2299 2279 2279 2288 2316 2321 2332 2319 2336 2340 2329 2298 2290 2284 2275 2265 2248 2244 2246 2242 2231 2227 2215 2219 2214 2196 2193 2199 2217 2220 2262 2260 2259 2261 2261 2252 2226 2215 2187 2188 2180 2169 2189 2184 2203 2219 2211 2174 2134 2102 2053 2024 1997 1980 1967 1954 1919 1843 1800 1770 1754 1781 1801 1812 1832 1842 1863 1874 1892 1910 1921 1933 1946 1955 1970 2008 2027 2043
2313 2325 2320 2314 2312 2343 2334 2334 2336 2353 2356 2377 2358 2348 2334 2352 2354 2358 2353 2336 2324 2310 2282 2277 2267 2262 2257 2253 2253 2272 2259 2259 2256 2257 2261 2260 2278 2290 2286 2282 2275 2283 2269 2250 2244 2234 2217 2230 2219 2242 2232 2236 2229 2233 2193 2156 2123 2083 2044 2022 2008 1989 1970 1938 1878 1814 1777 1758 1791 1806 1818 1831 1858 1868 1874 1889 1902 1917 1931 1953 1965 1979 2012 2033 2053
2342 2359 2364 2357 2342 2363 2357 2351 2355 2388 2423 2432 2401 2384 2380 2384 2387 2373 2371 2365 2350 2325 2324 2299 2291 2293 2283 2287 2301 2308 2287 2281 2281 2267 2288 2310 2336 2347 2339 2332 2327 2295 2283 2273 2258 2254 2297 2282 2280 2282 2290 2295 2275 2254 2208 2168 2130 2114 2083 2054 2031 2013 1996 1921 1872 1815 1782 1763 1790 1803 1815 1828 1847 1865 1879 1889 1906 1922 1935 1962 1974 1986 2008 2036 2055
2350 2366 2387 2405 2392 2381 2384 2383 2403 2415 2432 2444 2421 2407 2402 2427 2418 2423 2417 2407 2383 2355 2332 2319 2314 2314 2312 2333 2336 2348 2348 2326 2317 2324 2332 2347 2364 2370 2354 2354 2339 2319 2308 2296 2297 2310 2327 2323 2300 2325 2327 2337 2310 2280 2251 2202 2160 2137 2095 2067 2042 2019 1995 1919 1881 1818 1774 1764 1772 1803 1816 1824 1846 1863 1877 1887 1909 1927 1943 1967 1978 1990 2010 2037 2060
2391 2393 2413 2414 2403 2405 2409 2448 2450 2456 2470 2477 2465 2462 2459 2449 2443 2445 2430 2429 2410 2392 2374 2359 2352 2337 2344 2349 2354 2370 2365 2371 2369 2372 2384 2405 2408 2396 2365 2350 2337 2316 2307 2304 2306 2323 2341 2368 2356 2354 2355 2341 2310 2281 2249 2209 2186 2155 2128 2107 2085 2055 1989 1923 1884 1849 1776 1760 1767 1799 1816 1826 1835 1862 1874 1889 1911 1927 1940 1954 1978 1998 2015 2044 2073
2448 2432 2442 2447 2453 2439 2460 2463 2473 2476 2493 2509 2511 2494 2493 2495 2487 2464 2458 2445 2425 2405 2387 2380 2393 2392 2392 2408 2418 2422 2411 2405 2407 2407 2417 2424 2431 2404 2351 2324 2305 2301 2299 2298 2302 2311 2326 2363 2303 2310 2311 2299 2292 2259 2243 2232 2202 2173 2144 2116 2097 2065 1994 1940 1877 1830 1774 1763 1764 1780 1803 1814 1828 1857 1868 1886 1907 1927 1942 1958 1979 2005 2021 2043 2083
2468 2461 2459 2479 2505 2500 2514 2521 2543 2559 2580 2565 2523 2522 2521 2517 2525 2509 2494 2477 2468 2460 2452 2420 2418 2414 2423 2423 2467 2470 2473 2469 2468 2462 2463 2452 2444 2393 2353 2325 2290 2278 2280 2276 2266 2268 2276 2273 2272 2279 2280 2274 2254 2253 2237 2247 2218 2202 2175 2139 2104 2058 1976 1925 1873 1838 1800 1761 1762 1772 1785 1799 1818 1846 1867 1888 1914 1943 1948 1961 1976 2017 2033 2058 2087
2540 2526 2512 2523 2524 2530 2530 2566 2584 2628 2644 2623 2582 2574 2570 2559 2544 2534 2514 2497 2486 2500 2491 2487 2488 2483 2491 2496 2485 2486 2488 2485 2482 2486 2481 2449 2422 2381 2363 2323 2281 2260 2258 2251 2243 2221 2228 2233 2231 2230 2223 2224 2223 2232 2231 2243 2228 2214 2185 2149 2090 2033 1948 1909 1875 1834 1802 1769 1765 1773 1781 1808 1826 1843 1879 1894 1921 1944 1959 1965 1979 2020 2041 2060 2081
2571 2554 2573 2576 2595 2601 2621 2640 2649 2658 2667 2642 2594 2594 2599 2597 2573 2563 2553 2541 2536 2529 2519 2516 2506 2500 2499 2501 2496 2496 2491 2482 2477 2472 2469 2448 2400 2379 2356 2299 2272 2242 2220 2207 2195 2196 2209 2216 2218 2211 2186 2169 2165 2171 2185 2223 2231 2208 2186 2151 2075 2025 1921 1899 1865 1826 1809 1770 1771 1774 1784 1817 1838 1853 1878 1908 1929 1947 1960 1970 1984 2002 2039 2062 2084
2628 2622 2599 2600 2623 2638 2677 2687 2709 2725 2720 2689 2658 2627 2624 2613 2592 2579 2571 2552 2548 2545 2541 2536 2528 2508 2493 2492 2484 2484 2455 2445 2432 2423 2415 2403 2374 2358 2340 2309 2259 2229 2202 2180 2170 2162 2172 2175 2172 2172 2170 2159 2155 2154 2139 2146 2171 2187 2166 2132 2065 2009 1917 1897 1860 1822 1800 1776 1782 1786 1795 1830 1849 1866 1881 1913 1930 1950 1971 1984 2003 2013 2045 2071 2087
2715 2674 2643 2641 2680 2698 2713 2716 2736 2742 2728 2718 2689 2677 2663 2648 2641 2603 2578 2551 2540 2539 2539 2518 2507 2494 2464 2456 2445 2442 2439 2428 2417 2408 2400 2377 2360 2341 2324 2284 2225 2210 2187 2171 2155 2148 2151 2137 2140 2132 2118 2114 2109 2111 2105 2110 2122 2145 2147 2074 2049 1965 1922 1889 1864 1815 1795 1779 1788 1793 1801 1829 1850 1872 1892 1923 1936 1956 1970 1992 2008 2019 2046 2062 2076
2748 2718 2676 2709 2734 2768 2783 2791 2799 2795 2765 2740 2718 2705 2688 2680 2655 2632 2604 2567 2541 2521 2511 2497 2490 2480 2456 2429 2413 2404 2392 2395 2396 2381 2374 2356 2344 2332 2305 2253 2224 2192 2171 2151 2135 2130 2128 2124 2114 2108 2095 2083 2083 2086 2074 2069 2064 2058 2031 2031 2007 1958 1918 1884 1851 1806 1787 1776 1782 1797 1819 1837 1853 1880 1903 1928 1950 1965 1976 1997 2007 2013 2030 2050 2067
2816 2786 2751 2730 2781 2788 2817 2818 2863 2841 2809 2780 2758 2735 2718 2691 2656 2637 2611 2588 2537 2513 2491 2473 2448 2438 2426 2411 2400 2391 2375 2372 2356 2348 2331 2319 2310 2290 2264 2241 2223 2188 2163 2142 2117 2105 2100 2099 2090 2075 2061 2055 2057 2050 2048 2056 2017 2010 1993 1965 1956 1929 1892 1876 1839 1809 1788 1774 1769 1797 1820 1840 1852 1888 1915 1930 1955 1963 1973 1987 1999 2010 2019 2041 2057
2828 2829 2815 2821 2835 2855 2875 2882 2885 2872 2831 2800 2768 2738 2723 2702 2675 2631 2609 2588 2542 2518 2495 2481 2442 2427 2412 2393 2385 2369 2355 2346 2343 2334 2322 2306 2292 2265 2230 2208 2188 2164 2138 2128 2116 2093 2090 2090 2078 2054 2046 2042 2033 2021 2006 1997 1997 1991 1968 1952 1942 1904 1880 1846 1815 1795 1781 1767 1768 1787 1815 1838 1852 1882 1909 1927 1935 1949 1955 1966 1992 2006 2018 2032 2055
2872 2868 2861 2849 2863 2892 2885 2885 2889 2875 2856 2831 2781 2750 2719 2704 2686 2659 2636 2609 2584 2545 2516 2496 2449 2435 2408 2390 2376 2354 2342 2329 2319 2306 2302 2282 2266 2256 2210 2197 2173 2142 2115 2096 2087 2066 2065 2066 2056 2047 2044 2037 2022 2003 1995 1984 1978 1958 1941 1920 1908 1895 1872 1836 1810 1790 1774 1765 1760 1780 1804 1838 1858 1876 1907 1922 1933 1944 1947 1961 1975 1996 2015 2034 2061
2888 2893 2893 2889 2892 2887 2877 2871 2863 2863 2828 2803 2772 2754 2718 2704 2693 2665 2645 2619 2590 2551 2530 2509 2481 2447 2422 2392 2363 2349 2342 2332 2312 2297 2279 2253 2236 2228 2206 2172 2141 2124 2101 2082 2069 2058 2043 2045 2045 2032 2026 2017 2001 1994 1985 1975 1968 1946 1921 1910 1891 1881 1858 1815 1795 1785 1782 1767 1762 1771 1800 1817 1849 1867 1898 1916 1929 1944 1946 1954 1966 1993 2004 2027 2052
2882 2890 2856 2863 2858 2842 2821 2794 2796 2798 2792 2788 2759 2749 2717 2702 2687 2674 2658 2648 2619 2580 2541 2512 2491 2451 2425 2397 2355 2340 2328 2319 2306 2291 2266 2248 2229 2212 2171 2153 2131 2108 2086 2068 2052 2045 2035 2035 2025 2018 1999 1996 1985 1975 1968 1960 1948 1926 1915 1896 1882 1873 1822 1802 1789 1784 1783 1775 1772 1774 1788 1810 1838 1857 1876 1891 1903 1920 1937 1948 1959 1984 2002 2026 2050
2827 2817 2831 2830 2815 2808 2796 2759 2745 2742 2750 2735 2716 2719 2713 2695 2685 2674 2655 2637 2620 2603 2567 2528 2503 2459 2424 2393 2366 2341 2325 2316 2299 2277 2252 2236 2208 2181 2164 2150 2128 2110 2081 2059 2042 2028 2013 2009 2004 1997 1986 1986 1981 1971 1962 1935 1924 1900 1888 1863 1852 1822 1803 1793 1787 1784 1781 1780 1778 1774 1785 1799 1825 1847 1857 1882 1896 1908 1933 1943 1961 1977 2005 2031 2049
2783 2779 2778 2787 2789 2783 2766 2750 2734 2728 2730 2720 2679 2668 2653 2654 2661 2651 2643 2625 2612 2601 2563 2528 2489 2469 2437 2402 2372 2346 2328 2312 2305 2276 2255 2235 2194 2167 2152 2136 2111 2100 2085 2049 2037 2026 2014 2003 1986 1974 1968 1963 1956 1951 1942 1927 1910 1891 1871 1852 1820 1797 1792 1786 1784 1781 1780 1781 1772 1772 1783 1791 1816 1839 1853 1874 1887 1901 1913 1942 1963 1983 2007 2027 2043
2768 2766 2761 2773 2750 2752 2747 2729 2717 2713 2704 2677 2656 2647 2633 2626 2591 2591 2590 2586 2586 2569 2539 2503 2484 2460 2437 2413 2392 2359 2332 2314 2301 2260 2239 2213 2193 2156 2141 2122 2100 2088 2069 2050 2032 2027 2010 1995 1980 1970 1960 1950 1928 1932 1911 1898 1887 1871 1841 1824 1811 1794 1792 1788 1782 1784 1781 1780 1771 1768 1777 1791 1811 1831 1848 1864 1891 1901 1914 1942 1959 1972 1996 2028 2044
2733 2730 2717 2723 2727 2739 2734 2721 2711 2687 2664 2644 2615 2596 2585 2575 2566 2565 2564 2565 2554 2517 2512 2482 2472 2461 2442 2415 2396 2369 2341 2315 2293 2249 2219 2188 2163 2138 2120 2116 2108 2087 2068 2046 2024 2002 1991 1981 1976 1970 1951 1911 1912 1918 1914 1890 1878 1855 1824 1810 1806 1796 1789 1785 1783 1783 1778 1775 1770 1771 1775 1785 1792 1818 1835 1857 1883 1897 1911 1927 1954 1976 2005 2041 2063
2722 2701 2684 2683 2676 2686 2696 2693 2682 2670 2657 2641 2616 2567 2554 2540 2519 2512 2511 2507 2505 2505 2498 2481 2462 2447 2430 2411 2392 2371 2353 2303 2258 2238 2214 2187 2152 2133 2110 2101 2089 2069 2061 2031 2010 1998 1986 1979 1969 1945 1927 1901 1885 1886 1885 1864 1851 1842 1829 1812 1807 1802 1793 1790 1787 1778 1772 1774 1775 1776 1778 1778 1784 1814 1830 1846 1868 1890 1909 1922 1949 1982 2012 2041 2071
2700 2694 2683 2665 2665 2667 2649 2646 2651 2645 2632 2614 2583 2560 2546 2524 2510 2492 2472 2472 2467 2467 2463 2458 2449 2437 2421 2399 2381 2361 2322 2275 2252 2231 2209 2165 2142 2128 2103 2095 2078 2065 2046 2033 2017 1997 1977 1969 1956 1938 1914 1891 1877 1879 1865 1855 1839 1834 1824 1821 1812 1811 1804 1797 1795 1790 1784 1781 1778 1783 1787 1782 1783 1810 1823 1840 1856 1890 1903 1921 1955 1978 2009 2036 2066
2689 2683 2669 2657 2653 2643 2633 2628 2631 2628 2613 2580 2561 2549 2518 2503 2496 2468 2464 2460 2455 2452 2452 2435 2424 2414 2397 2381 2353 2337 2312 2268 2237 2225 2188 2151 2127 2115 2099 2082 2069 2057 2039 2030 2017 2009 1975 1960 1946 1917 1894 1887 1878 1863 1857 1848 1840 1834 1832 1859 1863 1850 1847 1841 1826 1818 1808 1798 1788 1787 1788 1790 1794 1796 1818 1833 1845 1879 1900 1922 1950 1981 2008 2032 2064
2687 2672 2660 2643 2637 2628 2619 2606 2598 2597 2581 2561 2546 2535 2505 2485 2480 2471 2452 2441 2436 2427 2423 2420 2417 2404 2384 2359 2333 2308 2295 2274 2230 2215 2185 2149 2127 2119 2105 2067 2061 2048 2024 2013 2010 1999 1965 1953 1939 1906 1891 1876 1871 1860 1856 1858 1865 1881 1887 1877 1882 1873 1864 1867 1867 1864 1853 1840 1835 1812 1803 1800 1798 1797 1817 1838 1852 1867 1898 1917 1947 1976 2008 2033 2048
2682 2665 2643 2631 2631 2624 2617 2608 2591 2577 2564 2546 2535 2511 2494 2477 2471 2463 2445 2436 2424 2416 2406 2401 2388 2373 2361 2346 2325 2300 2282 2268 2215 2191 2166 2148 2122 2112 2094 2066 2058 2045 2028 2015 2008 1992 1966 1944 1920 1900 1879 1873 1873 1868 1874 1878 1918 1921 1923 1910 1918 1902 1891 1886 1885 1885 1875 1861 1859 1842 1828 1813 1801 1811 1825 1845 1861 1875 1899 1918 1945 1964 2004 2033 2045
2696 2666 2644 2635 2624 2615 2608 2606 2591 2576 2565 2544 2518 2486 2474 2455 2449 2443 2437 2421 2407 2399 2389 2383 2351 2343 2330 2322 2304 2279 2261 2237 2219 2181 2161 2151 2118 2101 2093 2077 2057 2044 2027 2016 2007 1997 1974 1944 1913 1891 1885 1890 1909 1926 1929 1937 1944 1932 1941 1940 1960 1955 1947 1935 1925 1919 1911 1902 1883 1858 1841 1822 1817 1818 1837 1856 1879 1896 1901 1922 1942 1963 2002 2029 2040
2714 2677 2660 2635 2622 2607 2599 2593 2592 2576 2566 2549 2501 2482 2468 2448 2445 2438 2425 2395 2377 2371 2359 2345 2331 2321 2313 2300 2290 2265 2240 2222 2203 2179 2159 2140 2118 2094 2084 2069 2053 2037 2032 2023 2004 1994 1981 1944 1900 1894 1892 1916 1936 1953 1964 1974 1974 1970 1970 1964 1978 1974 1969 1954 1947 1949 1942 1917 1911 1901 1871 1854 1831 1827 1839 1861 1880 1895 1908 1928 1941 1965 1987 2014 2032
2736 2722 2686 2659 2629 2606 2599 2591 2586 2573 2566 2549 2507 2490 2473 2456 2445 2433 2415 2382 2369 2359 2335 2321 2306 2293 2280 2270 2262 2258 2230 2215 2194 2175 2143 2129 2107 2083 2064 2054 2045 2032 2022 2015 1999 1986 1957 1922 1904 1908 1935 1955 1970 1972 1984 1993 2000 1990 2023 2002 2006 2010 2005 1995 1983 1974 1967 1940 1928 1915 1904 1882 1847 1840 1846 1858 1875 1897 1911 1926 1941 1956 1979 2006 2027
2752 2735 2710 2685 2668 2627 2597 2589 2575 2565 2559 2546 2523 2490 2474 2460 2443 2414 2390 2379 2349 2339 2324 2316 2291 2281 2269 2262 2255 2256 2219 2195 2177 2156 2130 2121 2103 2075 2038 2020 2013 2007 2001 1998 1986 1971 1936 1907 1909 1928 1961 1977 2004 2004 2012 2025 2033 2043 2039 2022 2030 2025 2053 2049 2039 2019 1998 1980 1965 1942 1917 1898 1874 1846 1855 1870 1888 1899 1907 1919 1942 1961 1981 2011 2027
2773 2754 2729 2691 2676 2651 2609 2608 2588 2572 2551 2541 2530 2487 2478 2464 2450 2408 2391 2362 2325 2313 2300 2292 2272 2266 2263 2258 2250 2246 2222 2175 2157 2137 2111 2098 2079 2065 2030 2004 1997 1991 1989 1973 1957 1916 1910 1910 1945 1960 1975 1992 2016 2020 2026 2065 2073 2071 2065 2070 2074 2061 2064 2076 2078 2060 2018 2021 1997 1977 1950 1929 1908 1864 1854 1863 1878 1894 1905 1922 1935 1965 1982 1998 2030
2790 2781 2760 2726 2702 2680 2639 2618 2599 2581 2551 2541 2526 2506 2475 2465 2457 2432 2390 2368 2340 2312 2297 2279 2264 2253 2243 2229 2215 2207 2185 2167 2151 2131 2106 2080 2065 2042 2006 1988 1977 1971 1966 1954 1933 1914 1908 1928 1957 1992 2001 2020 2042 2053 2063 2078 2094 2089 2085 2109 2124 2135 2129 2141 2131 2107 2079 2044 2017 1996 1970 1960 1926 1896 1873 1868 1870 1888 1905 1923 1930 1957 1970 1982 2022
2781 2779 2768 2749 2737 2717 2697 2661 2629 2611 2574 2551 2530 2512 2477 2461 2449 2435 2409 2378 2354 2329 2311 2289 2264 2246 2231 2219 2202 2184 2172 2153 2127 2108 2089 2072 2058 2033 2021 1979 1964 1955 1941 1931 1915 1911 1924 1941 1968 2000 2012 2036 2061 2082 2100 2112 2129 2121 2122 2130 2153 2166 2188 2173 2184 2165 2139 2081 2048 2029 1990 1959 1931 1902 1874 1872 1865 1871 1905 1921 1933 1953 1962 1980 2006
2741 2775 2772 2767 2747 2734 2714 2678 2644 2644 2625 2577 2550 2523 2490 2467 2451 2439 2417 2390 2363 2340 2326 2303 2277 2248 2226 2213 2202 2177 2156 2146 2113 2082 2067 2055 2033 2021 2001 1970 1959 1940 1934 1926 1915 1925 1952 1974 1988 2011 2045 2063 2073 2096 2107 2117 2131 2157 2153 2160 2182 2201 2228 2229 2212 2186 2158 2092 2065 2045 2023 1979 1957 1938 1900 1883 1881 1878 1903 1919 1932 1953 1964 1981 2003
2717 2729 2755 2762 2761 2752 2733 2720 2678 2653 2635 2588 2565 2550 2519 2480 2460 2440 2410 2395 2379 2355 2323 2297 2280 2253 2224 2212 2192 2153 2145 2119 2081 2073 2059 2036 2016 1992 1971 1955 1924 1915 1916 1922 1924 1934 1948 1980 2001 2039 2075 2096 2115 2136 2153 2161 2179 2177 2175 2181 2198 2242 2268 2280 2259 2220 2192 2152 2082 2055 2028 1995 1966 1964 1952 1935 1915 1908 1901 1913 1928 1945 1964 1978 2002
2679 2708 2727 2732 2745 2746 2735 2734 2715 2689 2664 2623 2586 2565 2526 2484 2464 2438 2420 2384 2365 2349 2313 2291 2281 2264 2223 2215 2195 2152 2116 2094 2073 2048 2030 2006 1986 1973 1954 1939 1916 1910 1918 1929 1941 1956 1971 2012 2035 2058 2077 2108 2142 2168 2207 2210 2213 2227 2236 2248 2246 2272 2287 2298 2296 2226 2225 2211 2116 2086 2049 2024 2000 1985 1973 1958 1940 1917 1911 1923 1933 1950 1967 1984 2000
