model/includes/DEM_Romanche_LIIres50.asc
ncols        360
nrows        284
xllcorner    905472.587580971420
yllcorner    2008604.186224062500
cellsize     50.000000000000
[rows 152 to 189 of 284, columns 170 to 254 of 360]
2006 1977 1963 1950 1929 1906 1894 1885 1877 1875 1871 1861 1860 1853 1854 1863 1867 1876 1890 1925 1940 1946 1972 1979 1978 1997 2014 2023 2031 2045 2047 2055 2065 2090 2099 2113 2148 2232 2265 2295 2350 2379 2401 2445 2498 2553 2604 2639 2653 2667 2672 2686 2701 2728 2761 2781 2807 2832 2864 2900 2907 2890 2879 2865 2828 2808 2811 2803 2793 2792 2764 2749 2739 2719 2713 2706 2692 2690 2692 2702 2709 2733 2735 2738 2739
2003 1968 1953 1943 1927 1889 1876 1862 1853 1852 1849 1842 1846 1850 1853 1864 1873 1891 1909 1941 1954 1960 1976 1992 2002 2015 2032 2038 2047 2076 2089 2093 2097 2110 2120 2145 2185 2245 2277 2310 2354 2388 2419 2459 2517 2557 2598 2620 2660 2665 2680 2686 2701 2731 2757 2795 2822 2833 2839 2849 2860 2869 2870 2861 2834 2802 2796 2797 2793 2787 2762 2743 2731 2709 2704 2701 2685 2678 2675 2672 2682 2696 2707 2716 2718
1999 1982 1938 1920 1908 1882 1866 1850 1844 1845 1831 1835 1842 1846 1861 1876 1885 1897 1917 1936 1964 1973 1996 2017 2030 2040 2052 2058 2076 2088 2112 2115 2116 2119 2162 2192 2209 2253 2310 2341 2358 2396 2425 2466 2520 2561 2577 2576 2599 2625 2647 2659 2683 2714 2745 2785 2809 2816 2785 2804 2822 2837 2858 2857 2843 2816 2795 2788 2786 2782 2766 2754 2736 2718 2711 2697 2676 2673 2668 2666 2667 2671 2663 2676 2691
1995 1972 1923 1901 1887 1870 1855 1838 1831 1824 1826 1834 1841 1852 1881 1894 1910 1914 1933 1947 1972 1992 2009 2024 2046 2054 2069 2077 2091 2112 2127 2145 2152 2169 2187 2203 2220 2258 2316 2336 2364 2406 2437 2477 2503 2544 2553 2545 2564 2603 2606 2641 2665 2673 2678 2716 2748 2756 2762 2787 2799 2822 2825 2851 2840 2819 2789 2782 2784 2776 2763 2756 2741 2726 2719 2699 2686 2668 2656 2656 2647 2643 2651 2661 2677
1972 1957 1941 1896 1879 1862 1844 1830 1821 1820 1830 1842 1859 1890 1899 1907 1912 1919 1935 1953 1983 2006 2028 2044 2071 2083 2081 2085 2111 2127 2135 2172 2197 2212 2226 2235 2251 2276 2319 2341 2367 2399 2443 2482 2498 2493 2495 2504 2519 2553 2591 2619 2651 2656 2669 2671 2699 2706 2710 2735 2753 2786 2810 2828 2831 2818 2793 2777 2779 2773 2754 2748 2742 2738 2726 2707 2688 2666 2657 2644 2641 2633 2635 2637 2642
1941 1925 1911 1884 1870 1837 1825 1816 1816 1822 1841 1857 1891 1909 1920 1929 1939 1947 1953 1964 1982 2008 2032 2052 2086 2103 2106 2109 2132 2145 2162 2189 2211 2223 2236 2252 2279 2302 2322 2353 2385 2414 2453 2471 2479 2472 2470 2489 2489 2518 2550 2590 2616 2626 2626 2646 2675 2686 2698 2708 2728 2751 2772 2806 2814 2801 2784 2775 2775 2770 2752 2742 2734 2728 2717 2704 2689 2683 2663 2648 2638 2631 2634 2641 2641
1920 1903 1885 1862 1828 1809 1802 1807 1821 1842 1860 1883 1902 1917 1931 1948 1964 1967 1974 1988 1998 2027 2050 2068 2081 2107 2117 2121 2146 2161 2181 2204 2230 2244 2261 2283 2299 2319 2338 2367 2398 2416 2420 2419 2429 2431 2443 2455 2465 2489 2528 2564 2540 2571 2584 2599 2620 2653 2667 2679 2711 2739 2762 2780 2780 2783 2779 2759 2750 2739 2729 2721 2721 2718 2712 2701 2699 2698 2670 2648 2641 2634 2632 2640 2639
1880 1870 1854 1841 1806 1801 1799 1807 1825 1870 1890 1920 1932 1953 1966 1978 1979 1980 1986 1998 2010 2032 2056 2081 2109 2124 2133 2142 2151 2173 2189 2214 2238 2272 2294 2306 2334 2353 2367 2381 2394 2392 2388 2392 2402 2390 2400 2418 2429 2448 2478 2514 2514 2527 2559 2584 2607 2608 2635 2661 2677 2704 2731 2749 2770 2776 2769 2754 2727 2706 2694 2698 2702 2702 2695 2697 2697 2689 2674 2647 2639 2630 2626 2630 2628
1857 1833 1817 1800 1791 1794 1803 1819 1847 1878 1900 1933 1951 1982 1994 2001 2003 2011 2008 2014 2022 2039 2062 2088 2114 2132 2150 2158 2169 2187 2202 2216 2237 2283 2299 2314 2340 2340 2348 2352 2357 2357 2357 2364 2366 2377 2377 2390 2408 2402 2420 2442 2465 2489 2520 2542 2560 2576 2615 2640 2663 2679 2700 2726 2753 2758 2746 2741 2722 2707 2697 2691 2694 2687 2683 2679 2671 2659 2653 2637 2631 2626 2618 2624 2623
1823 1817 1801 1788 1791 1799 1824 1839 1875 1898 1918 1934 1963 1981 1991 2005 2016 2024 2037 2036 2048 2057 2069 2088 2114 2136 2152 2161 2174 2183 2214 2231 2241 2272 2287 2302 2311 2316 2319 2330 2341 2343 2331 2334 2334 2341 2354 2370 2373 2382 2385 2418 2444 2469 2481 2502 2525 2553 2589 2616 2637 2652 2689 2716 2745 2749 2726 2722 2719 2708 2697 2689 2675 2677 2681 2671 2664 2656 2643 2636 2634 2628 2618 2602 2590
1792 1783 1783 1781 1791 1812 1831 1848 1873 1899 1918 1942 1975 1996 2013 2027 2048 2056 2058 2044 2053 2059 2066 2089 2107 2127 2158 2184 2192 2197 2215 2231 2241 2255 2275 2270 2265 2268 2281 2298 2314 2320 2322 2325 2328 2328 2339 2323 2333 2342 2356 2377 2410 2425 2450 2482 2506 2540 2579 2590 2614 2636 2665 2690 2707 2713 2693 2702 2709 2700 2691 2680 2677 2663 2662 2658 2650 2645 2639 2633 2632 2633 2619 2600 2584
1777 1775 1779 1788 1800 1813 1839 1853 1870 1911 1927 1954 1975 2004 2022 2048 2068 2075 2078 2078 2071 2070 2077 2099 2116 2132 2155 2191 2201 2208 2223 2230 2238 2241 2244 2250 2250 2246 2258 2262 2272 2302 2308 2308 2310 2311 2314 2313 2324 2328 2338 2342 2373 2401 2409 2458 2487 2511 2540 2576 2597 2623 2656 2660 2673 2673 2667 2667 2672 2683 2681 2679 2680 2672 2657 2653 2645 2632 2635 2634 2624 2621 2619 2608 2590
1761 1764 1776 1790 1801 1814 1841 1854 1888 1914 1947 1972 1997 2020 2033 2050 2066 2083 2089 2089 2096 2103 2111 2122 2138 2150 2164 2191 2203 2211 2217 2226 2219 2216 2209 2207 2212 2218 2232 2255 2259 2270 2279 2286 2284 2293 2295 2293 2303 2307 2315 2336 2354 2379 2398 2423 2452 2483 2510 2562 2582 2596 2613 2641 2643 2643 2638 2642 2625 2642 2655 2674 2686 2690 2681 2668 2654 2634 2629 2628 2622 2618 2608 2605 2596
1755 1768 1786 1803 1809 1822 1850 1871 1894 1918 1950 1973 1995 2031 2051 2068 2087 2107 2116 2115 2115 2117 2124 2135 2161 2170 2176 2183 2191 2198 2205 2212 2205 2196 2195 2198 2192 2194 2205 2219 2225 2237 2236 2247 2264 2280 2282 2283 2278 2282 2284 2292 2315 2340 2363 2390 2437 2459 2497 2528 2556 2582 2599 2615 2615 2611 2601 2598 2606 2624 2643 2661 2683 2697 2694 2684 2676 2643 2629 2621 2619 2611 2608 2596 2582
1761 1779 1798 1808 1815 1846 1872 1893 1914 1932 1957 1977 1999 2025 2052 2070 2095 2131 2139 2135 2137 2142 2148 2155 2163 2172 2177 2176 2177 2175 2178 2182 2176 2175 2177 2184 2186 2188 2193 2202 2209 2201 2203 2212 2230 2240 2257 2259 2269 2264 2272 2282 2297 2310 2338 2365 2389 2436 2468 2498 2538 2565 2588 2590 2596 2579 2572 2578 2579 2591 2610 2637 2664 2691 2693 2687 2679 2670 2640 2624 2616 2609 2599 2590 2575
1778 1790 1802 1808 1839 1864 1888 1908 1930 1948 1975 2004 2028 2040 2060 2085 2109 2127 2144 2145 2147 2145 2147 2151 2158 2156 2150 2147 2147 2159 2164 2164 2165 2173 2171 2165 2165 2169 2172 2174 2171 2178 2182 2192 2210 2232 2229 2237 2233 2239 2245 2257 2264 2287 2319 2349 2378 2422 2441 2470 2500 2527 2553 2576 2573 2567 2563 2566 2569 2579 2584 2613 2640 2663 2678 2685 2682 2669 2641 2625 2613 2607 2577 2566 2556
1773 1791 1809 1826 1863 1894 1925 1931 1951 1969 1991 2017 2030 2047 2067 2104 2114 2131 2141 2141 2139 2140 2142 2139 2143 2140 2117 2123 2133 2132 2138 2142 2148 2157 2161 2153 2154 2156 2148 2152 2148 2145 2151 2175 2186 2202 2210 2221 2222 2225 2225 2230 2244 2260 2293 2325 2344 2386 2417 2454 2493 2516 2532 2541 2530 2528 2530 2540 2544 2553 2571 2589 2624 2650 2655 2677 2679 2666 2648 2623 2611 2601 2571 2562 2545
1787 1805 1814 1834 1869 1904 1937 1957 1967 1977 1991 2005 2038 2055 2077 2105 2113 2120 2128 2113 2110 2114 2106 2109 2115 2116 2108 2109 2121 2118 2123 2119 2126 2131 2138 2132 2133 2133 2138 2140 2139 2143 2142 2137 2167 2182 2187 2196 2206 2212 2214 2220 2232 2248 2274 2286 2316 2343 2389 2410 2451 2498 2512 2517 2510 2520 2517 2515 2517 2531 2545 2571 2596 2615 2638 2661 2682 2668 2647 2617 2603 2582 2567 2540 2529
1806 1825 1836 1850 1868 1916 1945 1962 1979 1984 1996 2019 2059 2077 2092 2096 2106 2103 2099 2096 2091 2090 2090 2090 2091 2093 2078 2087 2092 2094 2108 2115 2123 2121 2126 2116 2111 2107 2112 2119 2125 2124 2122 2126 2151 2161 2179 2176 2190 2188 2198 2205 2219 2230 2244 2274 2301 2330 2374 2386 2413 2450 2467 2471 2475 2484 2487 2499 2506 2518 2532 2540 2576 2594 2610 2635 2670 2674 2656 2627 2598 2578 2563 2547 2529
1813 1828 1847 1857 1885 1921 1941 1967 1989 2009 2017 2030 2063 2081 2089 2094 2074 2076 2077 2074 2064 2058 2057 2077 2083 2082 2075 2077 2073 2080 2095 2102 2106 2100 2099 2103 2098 2094 2099 2108 2103 2111 2112 2110 2124 2139 2152 2165 2178 2178 2187 2191 2201 2210 2227 2256 2276 2303 2334 2374 2401 2428 2449 2451 2444 2457 2461 2473 2476 2499 2516 2531 2548 2588 2608 2630 2651 2660 2651 2631 2594 2579 2571 2562 2541
1834 1848 1865 1880 1897 1916 1947 1969 1989 2026 2041 2053 2067 2075 2070 2070 2062 2061 2065 2060 2045 2031 2027 2044 2051 2050 2046 2049 2060 2071 2081 2094 2098 2097 2096 2086 2082 2079 2083 2088 2095 2103 2099 2099 2104 2113 2131 2145 2163 2161 2174 2176 2190 2199 2218 2247 2264 2277 2289 2357 2374 2394 2413 2415 2427 2439 2445 2452 2461 2467 2494 2514 2538 2575 2598 2618 2637 2653 2649 2639 2599 2591 2570 2564 2548
1839 1873 1885 1914 1935 1944 1974 1986 2005 2028 2048 2059 2069 2063 2058 2050 2043 2041 2039 2038 2029 2019 2018 2024 2034 2020 2020 2024 2041 2056 2063 2079 2086 2096 2091 2080 2070 2060 2068 2070 2072 2083 2080 2077 2083 2095 2111 2125 2146 2146 2157 2166 2169 2183 2198 2214 2233 2262 2282 2338 2366 2369 2373 2386 2393 2398 2408 2426 2443 2460 2489 2517 2540 2559 2588 2598 2617 2634 2646 2642 2629 2610 2589 2566 2561
1865 1883 1897 1925 1938 1955 1990 2019 2040 2050 2057 2060 2062 2058 2051 2041 2035 2031 2018 2014 2016 2010 2002 2000 2004 2013 2006 2012 2030 2044 2050 2070 2072 2071 2070 2055 2047 2056 2058 2065 2067 2068 2060 2058 2067 2078 2096 2106 2123 2135 2148 2156 2161 2173 2175 2191 2212 2233 2256 2280 2339 2355 2357 2369 2379 2387 2380 2405 2425 2443 2470 2512 2531 2552 2576 2587 2605 2622 2620 2632 2632 2619 2603 2587 2579
1879 1902 1932 1963 1980 1997 2017 2048 2061 2066 2074 2061 2049 2048 2034 2025 2017 2013 2005 2001 1998 1999 1981 1981 1987 1991 1987 1996 2021 2036 2051 2066 2071 2068 2050 2037 2033 2040 2046 2056 2059 2058 2051 2047 2057 2072 2084 2094 2101 2107 2126 2148 2164 2168 2172 2182 2192 2220 2229 2261 2295 2309 2318 2327 2334 2350 2366 2394 2418 2436 2453 2493 2512 2532 2549 2572 2589 2595 2603 2619 2628 2627 2618 2606 2589
1897 1922 1949 1981 2020 2037 2051 2080 2088 2091 2084 2062 2045 2040 2027 2011 2003 1996 1987 1991 1985 1990 1973 1973 1986 1984 1985 1971 1997 2025 2038 2049 2053 2051 2042 2028 2027 2030 2038 2041 2045 2042 2033 2029 2042 2053 2069 2080 2087 2096 2113 2118 2142 2163 2163 2161 2170 2200 2219 2243 2263 2282 2296 2292 2302 2324 2344 2370 2413 2426 2442 2473 2501 2521 2536 2548 2562 2565 2568 2573 2594 2605 2625 2613 2598
1916 1952 1973 1998 2033 2043 2053 2065 2064 2069 2065 2047 2035 2027 2016 2007 1996 1988 1986 1988 1970 1966 1956 1960 1964 1958 1961 1968 1989 2008 2027 2037 2028 2016 2009 2008 2008 2012 2028 2035 2036 2033 2030 2023 2027 2032 2043 2061 2064 2070 2088 2107 2133 2146 2158 2160 2171 2173 2200 2217 2227 2246 2252 2267 2288 2317 2337 2363 2387 2400 2413 2429 2471 2494 2504 2531 2546 2547 2552 2566 2581 2592 2612 2630 2626
1905 1939 1963 1990 2018 2019 2021 2022 2034 2039 2041 2039 2014 2007 2001 1985 1978 1976 1975 1969 1962 1952 1947 1953 1943 1944 1949 1957 1974 1982 1997 1999 2001 1991 1987 1993 1976 1991 2005 2016 2022 2023 2022 2019 2019 2025 2036 2051 2041 2043 2049 2083 2098 2119 2148 2156 2165 2161 2183 2193 2185 2193 2217 2234 2252 2300 2326 2347 2376 2385 2400 2422 2441 2452 2477 2492 2501 2515 2526 2545 2568 2581 2590 2619 2622
1894 1933 1956 1974 1993 1972 1975 1981 1992 1995 2001 2010 1999 1990 1983 1977 1970 1961 1959 1955 1952 1940 1932 1930 1934 1931 1940 1949 1963 1966 1984 1985 1979 1973 1968 1965 1962 1978 1992 2004 2013 2008 2010 2011 1995 1999 2006 2018 2025 2032 2043 2072 2087 2103 2126 2148 2162 2153 2144 2156 2170 2180 2200 2220 2232 2267 2302 2331 2337 2357 2375 2398 2414 2444 2465 2474 2495 2495 2503 2516 2537 2549 2561 2595 2620
1876 1907 1936 1946 1951 1960 1963 1966 1971 1956 1955 1970 1970 1962 1959 1963 1967 1963 1955 1951 1948 1935 1925 1917 1912 1911 1913 1927 1946 1957 1976 1972 1965 1946 1946 1945 1952 1961 1975 1983 1990 1998 2003 2009 1997 1981 1980 1983 1995 2011 2030 2047 2077 2101 2116 2147 2157 2142 2136 2138 2146 2154 2173 2191 2212 2231 2286 2317 2325 2339 2351 2372 2400 2420 2438 2456 2472 2484 2490 2498 2519 2521 2539 2564 2605
1870 1894 1911 1912 1909 1913 1922 1925 1937 1933 1925 1943 1943 1946 1925 1944 1959 1965 1959 1952 1938 1924 1913 1909 1902 1904 1903 1918 1933 1942 1945 1944 1934 1938 1935 1937 1946 1949 1954 1966 1978 1991 1997 1995 1988 1983 1979 1981 1988 2005 2018 2034 2061 2095 2114 2136 2145 2138 2131 2135 2138 2145 2145 2163 2185 2203 2240 2281 2296 2313 2343 2363 2387 2391 2391 2414 2434 2450 2464 2476 2487 2512 2529 2556 2599
1830 1864 1889 1893 1895 1893 1882 1885 1883 1885 1889 1898 1901 1909 1910 1914 1932 1958 1952 1947 1929 1910 1897 1898 1888 1883 1893 1909 1929 1937 1933 1911 1908 1910 1911 1915 1920 1929 1952 1956 1966 1983 1993 1987 1985 1985 1980 1983 1989 1993 2009 2025 2041 2096 2113 2127 2124 2118 2117 2117 2125 2133 2137 2154 2167 2188 2203 2225 2256 2280 2304 2319 2332 2346 2368 2390 2402 2432 2451 2458 2471 2494 2520 2538 2567
1814 1824 1835 1847 1860 1861 1860 1860 1866 1869 1880 1866 1869 1866 1870 1881 1886 1897 1905 1926 1926 1908 1884 1871 1865 1866 1879 1894 1913 1925 1923 1912 1908 1902 1902 1896 1902 1911 1925 1945 1952 1969 1975 1977 1980 1984 1984 1989 1994 1997 2008 2026 2038 2078 2109 2120 2113 2109 2106 2098 2097 2109 2116 2128 2139 2151 2165 2199 2227 2249 2263 2266 2286 2307 2341 2355 2366 2386 2417 2443 2464 2488 2514 2532 2551
1808 1809 1817 1819 1818 1821 1825 1827 1822 1827 1823 1829 1840 1839 1852 1857 1839 1842 1864 1872 1885 1890 1874 1862 1857 1856 1866 1888 1898 1899 1897 1884 1880 1886 1886 1884 1893 1911 1920 1933 1937 1949 1949 1958 1968 1977 1983 1988 1992 1995 2012 2028 2054 2090 2108 2109 2101 2096 2094 2093 2091 2095 2105 2119 2118 2123 2132 2154 2177 2193 2209 2234 2260 2288 2313 2325 2328 2352 2379 2399 2434 2449 2492 2519 2545
1781 1786 1793 1800 1805 1802 1800 1799 1772 1766 1774 1777 1780 1788 1798 1806 1807 1820 1834 1851 1841 1851 1844 1846 1838 1838 1850 1868 1886 1883 1883 1871 1862 1864 1871 1877 1890 1907 1917 1921 1936 1940 1942 1951 1960 1969 1979 1991 1999 2003 2014 2022 2060 2079 2102 2099 2082 2083 2083 2078 2074 2077 2083 2091 2104 2115 2126 2143 2148 2154 2160 2171 2200 2236 2257 2291 2314 2338 2356 2387 2411 2438 2477 2499 2532
1751 1735 1741 1756 1784 1783 1782 1761 1751 1753 1750 1762 1763 1747 1753 1769 1776 1777 1781 1793 1813 1828 1832 1837 1835 1818 1832 1847 1853 1856 1851 1855 1857 1859 1865 1874 1892 1911 1918 1922 1932 1937 1945 1947 1956 1964 1977 1988 1995 1990 2002 2018 2040 2057 2069 2075 2073 2072 2070 2066 2063 2061 2069 2077 2085 2105 2113 2120 2121 2134 2144 2157 2178 2185 2209 2240 2278 2302 2331 2384 2412 2434 2464 2498 2533
1713 1713 1716 1734 1743 1737 1732 1719 1710 1712 1705 1707 1723 1724 1738 1756 1759 1764 1754 1755 1757 1770 1787 1806 1810 1807 1818 1833 1837 1840 1835 1846 1852 1858 1870 1878 1895 1912 1916 1922 1930 1936 1932 1944 1945 1941 1945 1962 1974 1980 1991 2016 2033 2045 2039 2046 2056 2058 2061 2067 2062 2055 2065 2077 2079 2095 2090 2094 2097 2112 2120 2136 2154 2171 2194 2219 2259 2289 2307 2334 2405 2445 2476 2511 2543
1638 1675 1679 1708 1720 1717 1716 1703 1693 1697 1677 1673 1680 1690 1706 1721 1730 1734 1743 1746 1745 1751 1748 1760 1779 1780 1784 1801 1813 1824 1832 1844 1850 1854 1864 1874 1886 1898 1901 1915 1923 1931 1929 1938 1931 1929 1929 1932 1945 1947 1958 1987 1996 2008 2024 2036 2045 2053 2061 2062 2059 2059 2058 2063 2066 2070 2083 2089 2092 2103 2112 2127 2135 2156 2174 2198 2237 2259 2298 2325 2405 2451 2477 2501 2518
1607 1658 1672 1672 1688 1687 1674 1670 1662 1670 1666 1660 1656 1672 1691 1688 1696 1705 1714 1717 1717 1725 1738 1748 1762 1767 1770 1785 1798 1810 1813 1827 1842 1852 1864 1873 1881 1889 1901 1910 1913 1921 1927 1926 1918 1915 1919 1925 1931 1938 1949 1951 1971 1978 1986 2016 2029 2042 2050 2051 2057 2060 2056 2067 2071 2067 2065 2071 2079 2087 2103 2118 2128 2149 2161 2173 2195 2239 2278 2311 2383 2420 2465 2481 2502
