model/includes/DEM_Romanche_LIIres50.asc
ncols        360
nrows        284
xllcorner    905472.587580971420
yllcorner    2008604.186224062500
cellsize     50.000000000000
[rows 0 to 37 of 284, columns 170 to 254 of 360]
0 0 0 0 0 0 0 0 0 0 0 0 0 0 0 0 0 0 0 0 0 0 0 0 0 0 0 0 0 0 0 0 0 0 0 0 0 0 0 0 0 0 0 0 0 0 0 0 0 0 0 0 0 0 0 0 0 0 0 0 0 0 0 0 0 0 0 0 0 0 0 0 0 0 0 0 0 0 0 0 0 0 0 0 0
0 0 0 0 0 0 0 0 0 0 0 0 0 0 0 0 0 0 0 0 0 0 0 0 0 0 0 0 0 0 0 0 0 0 0 0 0 0 0 0 0 0 0 0 0 0 0 0 0 0 0 0 0 0 0 0 0 0 0 0 0 0 0 0 0 0 0 0 0 0 0 0 0 0 0 0 0 0 0 0 0 0 0 0 0
0 0 0 0 0 0 0 0 0 0 0 0 0 0 0 0 0 0 0 0 0 0 0 0 0 0 0 0 0 0 0 0 0 0 0 0 0 0 0 0 0 0 0 0 0 0 0 0 0 0 0 0 0 0 0 0 0 0 0 0 0 0 0 0 0 0 0 0 0 0 0 0 0 0 0 0 0 0 0 0 0 0 0 0 0
0 0 0 0 0 0 0 0 0 0 0 0 0 0 0 0 0 0 0 0 0 0 0 0 0 0 0 0 0 0 0 0 0 0 0 0 0 0 0 0 0 0 0 0 0 0 0 0 0 0 0 0 0 0 0 0 0 0 0 0 0 0 0 0 0 0 0 0 0 0 0 0 0 0 0 0 0 0 0 0 0 0 0 0 0
0 0 0 0 0 0 0 0 0 0 0 0 0 0 0 0 0 0 0 0 0 0 0 0 0 0 0 0 0 0 0 0 0 0 0 0 0 0 0 0 0 0 0 0 0 0 0 0 0 0 0 0 0 0 0 0 0 0 0 0 0 0 0 0 0 0 0 0 0 0 0 0 0 0 0 0 0 0 0 0 0 0 0 0 0
0 0 0 0 0 0 0 0 0 0 0 0 0 0 0 0 0 0 0 0 0 0 0 0 0 0 0 0 0 0 0 0 0 0 0 0 0 0 0 0 0 0 0 0 0 0 0 0 0 0 0 0 0 0 0 0 0 0 0 0 0 0 0 0 0 0 0 0 0 2542 2515 2485 2474 2481 2479 2492 2496 2498 2498 2516 2538 2521 2538 2534 2534
0 0 0 0 0 0 0 0 0 0 0 0 0 0 0 0 0 0 0 0 0 0 0 0 0 0 0 0 0 0 0 0 0 0 0 0 0 0 0 0 0 0 0 0 0 0 0 0 0 0 2985 2964 2938 2921 2893 2874 2855 2833 2794 2762 2733 2704 2675 2651 2641 2602 2593 2582 2562 2537 2504 2483 2460 2453 2440 2452 2459 2465 2477 2486 2489 2503 2516 2512 2516
0 0 0 0 0 0 0 0 0 0 0 0 0 0 0 0 0 0 0 0 0 0 0 0 0 0 0 0 0 0 2849 2846 2843 2868 2870 2871 2876 2915 2933 2941 2977 2986 2972 2979 3011 3033 3041 3031 3020 3005 2982 2961 2939 2913 2878 2861 2856 2841 2793 2778 2757 2714 2686 2669 2652 2613 2601 2574 2554 2525 2496 2476 2437 2428 2421 2423 2429 2451 2438 2449 2454 2456 2470 2485 2488
0 0 0 0 0 0 0 0 0 0 0 2998 3016 3076 3128 3187 3186 3168 3150 3125 3099 3084 3080 3064 3036 3004 2957 2911 2873 2854 2843 2834 2839 2844 2862 2851 2850 2885 2905 2913 2929 2955 2966 2972 2990 3012 3019 3016 3007 2986 2963 2945 2926 2898 2883 2863 2858 2839 2803 2780 2758 2733 2703 2688 2664 2641 2610 2581 2570 2522 2498 2474 2429 2412 2395 2389 2400 2402 2413 2424 2431 2439 2459 2447 2458
2808 2836 2873 2895 2907 2922 2944 2955 2972 2981 3004 3021 3043 3109 3156 3201 3203 3162 3138 3110 3092 3077 3074 3064 3022 2998 2962 2908 2873 2854 2845 2834 2824 2820 2830 2836 2840 2859 2893 2901 2899 2902 2947 2966 2963 2979 2992 3006 2987 2971 2954 2945 2900 2886 2876 2858 2846 2820 2804 2772 2756 2732 2699 2687 2673 2658 2613 2588 2566 2523 2495 2469 2438 2406 2391 2364 2357 2365 2384 2386 2395 2405 2420 2435 2442
2796 2830 2866 2908 2925 2940 2962 2979 3015 3036 3061 3078 3101 3172 3226 3229 3216 3172 3141 3112 3083 3065 3052 3035 3003 2980 2937 2921 2875 2851 2841 2830 2812 2802 2806 2813 2822 2843 2885 2892 2883 2890 2933 2946 2935 2956 2967 2980 2974 2947 2942 2925 2901 2879 2862 2851 2826 2805 2783 2755 2740 2721 2697 2689 2674 2655 2618 2591 2563 2545 2494 2465 2438 2406 2390 2350 2345 2345 2362 2376 2379 2389 2394 2397 2410
2791 2817 2854 2910 2932 2972 2991 3024 3043 3064 3088 3111 3140 3241 3251 3231 3212 3187 3157 3113 3091 3054 3039 3025 2996 2981 2949 2929 2882 2855 2843 2810 2794 2787 2797 2805 2819 2829 2879 2873 2867 2869 2889 2895 2911 2931 2950 2960 2957 2942 2919 2912 2893 2866 2853 2838 2811 2795 2774 2748 2732 2702 2684 2671 2653 2643 2617 2585 2558 2539 2490 2476 2442 2421 2373 2324 2311 2308 2323 2342 2355 2373 2377 2387 2387
2785 2811 2854 2889 2932 2954 2984 3045 3083 3108 3129 3175 3233 3243 3245 3231 3213 3198 3154 3136 3103 3050 3026 3016 2998 2975 2957 2929 2888 2876 2840 2804 2765 2756 2762 2776 2800 2817 2842 2861 2867 2856 2858 2865 2875 2888 2907 2923 2925 2922 2907 2899 2889 2855 2829 2819 2797 2783 2760 2732 2709 2689 2673 2666 2649 2634 2604 2576 2559 2540 2517 2468 2446 2415 2368 2317 2304 2273 2276 2301 2317 2338 2345 2351 2358
2787 2833 2860 2881 2930 2959 2987 3030 3086 3113 3151 3221 3253 3251 3232 3222 3213 3203 3158 3142 3113 3078 3028 3007 2991 2974 2961 2921 2897 2878 2852 2806 2758 2750 2744 2742 2772 2783 2806 2823 2829 2835 2826 2837 2852 2863 2879 2890 2893 2896 2891 2878 2859 2837 2819 2805 2797 2783 2764 2736 2701 2682 2668 2648 2633 2624 2599 2568 2555 2540 2517 2465 2442 2408 2351 2315 2286 2273 2268 2281 2300 2310 2306 2318 2309
2787 2844 2883 2908 2937 2978 3002 3041 3105 3128 3163 3211 3275 3278 3240 3222 3204 3218 3193 3146 3100 3064 3030 3005 2985 2975 2955 2922 2897 2871 2854 2825 2766 2734 2728 2732 2752 2769 2767 2752 2784 2793 2796 2804 2816 2835 2850 2874 2879 2881 2865 2851 2837 2822 2798 2782 2779 2772 2757 2735 2707 2680 2654 2641 2619 2605 2585 2563 2533 2518 2509 2454 2425 2384 2346 2310 2285 2261 2247 2248 2267 2277 2285 2302 2298
2810 2864 2896 2923 2953 2989 3020 3064 3113 3147 3192 3231 3296 3297 3271 3224 3209 3220 3199 3154 3114 3085 3022 3001 2981 2957 2945 2913 2896 2874 2857 2814 2752 2712 2699 2702 2714 2742 2742 2752 2775 2786 2789 2783 2789 2800 2812 2844 2853 2856 2856 2837 2823 2806 2791 2770 2757 2753 2725 2713 2695 2669 2650 2631 2612 2597 2584 2566 2522 2506 2484 2446 2402 2368 2341 2307 2284 2255 2237 2216 2219 2242 2255 2265 2273
2820 2854 2905 2942 2981 3017 3058 3081 3115 3160 3206 3256 3299 3299 3274 3236 3204 3211 3203 3152 3115 3084 3019 2999 2964 2949 2914 2902 2887 2862 2834 2799 2757 2703 2692 2689 2674 2707 2725 2727 2735 2761 2759 2763 2781 2791 2800 2813 2830 2836 2835 2818 2799 2791 2782 2758 2744 2741 2715 2708 2693 2682 2640 2620 2595 2583 2575 2561 2533 2497 2473 2441 2398 2354 2320 2302 2269 2244 2224 2207 2210 2212 2236 2255 2254
2827 2856 2915 2938 2981 3016 3072 3098 3128 3174 3217 3268 3288 3277 3256 3221 3189 3182 3153 3115 3088 3037 2998 2962 2948 2935 2902 2880 2856 2829 2805 2769 2745 2722 2672 2661 2661 2684 2704 2709 2697 2724 2732 2728 2755 2766 2769 2778 2807 2811 2815 2807 2784 2780 2761 2744 2730 2719 2703 2691 2683 2682 2629 2617 2578 2568 2546 2533 2517 2486 2461 2431 2414 2355 2317 2296 2254 2232 2219 2204 2193 2189 2194 2220 2235
2852 2886 2913 2966 2989 3020 3068 3098 3130 3175 3239 3270 3284 3204 3186 3157 3152 3139 3107 3088 3053 2973 2948 2895 2877 2876 2864 2856 2835 2802 2786 2749 2728 2686 2649 2639 2634 2652 2665 2682 2687 2715 2729 2718 2724 2718 2728 2740 2755 2772 2786 2783 2781 2758 2752 2730 2714 2698 2687 2672 2672 2654 2615 2598 2570 2558 2533 2520 2511 2489 2461 2444 2414 2357 2326 2292 2258 2229 2213 2198 2185 2178 2180 2185 2212
2864 2923 2954 2992 3027 3045 3079 3118 3151 3197 3261 3275 3245 3181 3150 3134 3096 3080 3052 3018 2977 2934 2904 2876 2861 2858 2834 2830 2799 2765 2741 2716 2702 2682 2652 2621 2619 2615 2624 2629 2641 2674 2687 2699 2714 2717 2717 2722 2733 2732 2736 2756 2750 2731 2710 2709 2693 2688 2678 2664 2656 2624 2606 2584 2571 2552 2518 2510 2496 2475 2457 2444 2411 2363 2337 2299 2269 2227 2204 2191 2184 2175 2175 2180 2199
2906 2941 2972 3011 3039 3072 3113 3148 3201 3242 3288 3263 3198 3167 3166 3141 3097 3075 3022 2967 2946 2904 2879 2857 2850 2829 2825 2826 2790 2759 2727 2701 2683 2666 2638 2604 2597 2607 2612 2603 2608 2639 2657 2679 2687 2690 2701 2707 2709 2718 2717 2723 2734 2721 2695 2686 2674 2666 2660 2649 2628 2614 2591 2580 2573 2551 2530 2505 2490 2468 2445 2426 2404 2375 2334 2301 2274 2227 2206 2193 2185 2181 2178 2176 2170
2953 2988 3005 3020 3058 3091 3118 3177 3245 3265 3300 3286 3243 3190 3187 3161 3115 3076 3015 2973 2937 2901 2873 2848 2834 2825 2825 2823 2802 2750 2724 2697 2672 2654 2611 2593 2576 2576 2569 2575 2571 2581 2620 2662 2676 2685 2694 2698 2684 2672 2675 2683 2693 2696 2677 2666 2662 2655 2651 2614 2606 2587 2576 2560 2541 2541 2522 2497 2487 2468 2457 2442 2410 2378 2341 2310 2269 2243 2210 2189 2177 2176 2175 2166 2165
2943 3005 3017 3042 3076 3116 3140 3173 3275 3298 3304 3307 3270 3235 3225 3211 3165 3095 3000 2967 2934 2908 2871 2845 2829 2821 2818 2810 2783 2736 2721 2703 2638 2605 2590 2578 2558 2557 2547 2534 2531 2547 2566 2602 2630 2656 2665 2683 2675 2666 2660 2639 2649 2655 2652 2645 2638 2626 2619 2608 2597 2579 2568 2542 2523 2514 2501 2487 2475 2466 2464 2446 2412 2380 2362 2336 2293 2261 2217 2185 2174 2171 2169 2160 2155
2969 3010 3025 3047 3065 3117 3145 3179 3258 3283 3290 3318 3337 3297 3274 3225 3171 3098 3035 2968 2946 2917 2881 2840 2812 2805 2800 2795 2773 2728 2709 2691 2619 2573 2559 2541 2521 2515 2508 2512 2519 2533 2551 2578 2576 2614 2626 2641 2640 2633 2624 2624 2629 2638 2631 2628 2605 2594 2595 2587 2577 2568 2555 2535 2525 2502 2485 2479 2471 2467 2459 2451 2411 2386 2364 2334 2309 2268 2232 2184 2165 2162 2155 2145 2138
2960 2985 3019 3046 3066 3104 3134 3169 3204 3275 3278 3311 3355 3341 3319 3293 3202 3125 3046 2974 2946 2925 2903 2841 2816 2799 2777 2766 2753 2731 2694 2671 2613 2572 2554 2543 2515 2501 2493 2486 2490 2504 2524 2537 2553 2590 2596 2615 2591 2596 2598 2585 2583 2574 2586 2592 2592 2580 2579 2580 2557 2540 2522 2517 2504 2483 2469 2467 2450 2448 2442 2430 2386 2377 2366 2348 2318 2280 2235 2197 2167 2159 2151 2135 2115
2959 2978 3015 3048 3068 3078 3124 3157 3187 3256 3280 3298 3336 3339 3324 3306 3217 3158 3103 3041 2966 2939 2895 2859 2826 2800 2780 2766 2749 2716 2672 2636 2606 2582 2545 2531 2514 2496 2488 2486 2483 2471 2475 2491 2510 2535 2557 2564 2577 2582 2585 2576 2572 2549 2546 2546 2549 2547 2547 2541 2535 2526 2518 2510 2501 2463 2452 2444 2428 2417 2413 2405 2380 2367 2355 2340 2308 2263 2241 2198 2178 2155 2137 2114 2101
2953 2973 3012 3037 3058 3081 3118 3153 3183 3264 3272 3281 3312 3325 3316 3309 3220 3158 3114 3073 2994 2950 2927 2883 2839 2810 2780 2758 2748 2710 2682 2631 2605 2580 2553 2536 2525 2508 2487 2478 2467 2453 2455 2466 2484 2510 2506 2529 2543 2547 2549 2549 2538 2526 2516 2527 2524 2526 2507 2499 2494 2490 2482 2474 2473 2458 2441 2434 2420 2405 2390 2384 2369 2351 2335 2320 2293 2261 2237 2206 2174 2150 2114 2087 2081
2954 2974 3003 3030 3046 3074 3113 3152 3177 3224 3258 3263 3275 3308 3253 3259 3246 3195 3148 3124 3060 2976 2932 2894 2853 2817 2796 2762 2742 2706 2673 2620 2596 2575 2557 2543 2525 2511 2496 2487 2463 2451 2437 2432 2436 2458 2469 2500 2516 2537 2517 2511 2504 2496 2490 2478 2478 2486 2488 2475 2479 2474 2456 2440 2438 2431 2416 2411 2403 2389 2379 2375 2364 2343 2315 2304 2289 2256 2229 2209 2158 2131 2104 2088 2078
2948 2970 2996 3024 3046 3072 3099 3144 3158 3174 3212 3201 3199 3195 3234 3239 3237 3198 3187 3149 3118 3024 2983 2927 2880 2845 2798 2773 2743 2709 2667 2622 2601 2583 2570 2552 2541 2529 2498 2484 2468 2447 2434 2428 2423 2409 2429 2445 2472 2499 2502 2497 2491 2484 2475 2455 2447 2441 2438 2439 2445 2439 2437 2429 2426 2421 2407 2391 2382 2365 2353 2350 2340 2318 2304 2295 2275 2247 2222 2185 2164 2117 2102 2094 2092
2930 2952 2967 3003 3044 3067 3096 3137 3150 3161 3159 3138 3135 3138 3161 3211 3233 3220 3187 3160 3136 3055 3005 2987 2936 2843 2825 2797 2735 2706 2667 2636 2609 2592 2581 2573 2557 2538 2522 2496 2474 2448 2426 2423 2418 2411 2410 2414 2425 2444 2444 2452 2452 2453 2454 2442 2428 2425 2425 2402 2400 2392 2387 2393 2400 2397 2385 2381 2370 2357 2345 2316 2300 2294 2285 2271 2255 2227 2199 2179 2151 2120 2103 2104 2104
2925 2950 2966 3004 3048 3069 3095 3112 3135 3136 3133 3126 3125 3118 3126 3159 3166 3203 3189 3176 3141 3100 3017 2995 2944 2856 2836 2804 2762 2718 2687 2664 2635 2622 2606 2594 2575 2548 2532 2508 2490 2470 2455 2435 2421 2411 2404 2399 2404 2419 2434 2447 2434 2415 2405 2401 2388 2382 2382 2376 2372 2365 2365 2373 2357 2357 2360 2345 2343 2338 2326 2301 2282 2276 2269 2255 2239 2216 2183 2163 2138 2124 2109 2106 2101
2954 2969 2988 3010 3044 3068 3087 3102 3122 3106 3086 3085 3074 3080 3085 3101 3121 3186 3193 3180 3147 3104 3038 2996 2947 2890 2844 2809 2774 2732 2699 2676 2663 2657 2643 2631 2605 2586 2562 2532 2503 2485 2469 2443 2426 2419 2409 2397 2396 2393 2378 2393 2407 2408 2394 2389 2378 2355 2346 2341 2333 2332 2329 2325 2334 2338 2337 2334 2333 2307 2297 2274 2262 2257 2255 2243 2239 2217 2184 2155 2134 2120 2117 2107 2104
2976 3005 3014 3025 3041 3072 3085 3099 3107 3095 3075 3070 3059 3060 3057 3062 3081 3126 3187 3187 3161 3120 3051 3006 2959 2909 2861 2831 2784 2760 2727 2708 2699 2680 2662 2652 2629 2635 2605 2558 2537 2515 2500 2486 2446 2429 2415 2405 2392 2390 2379 2376 2371 2365 2354 2349 2345 2339 2330 2323 2322 2304 2298 2295 2293 2303 2302 2298 2296 2289 2275 2259 2250 2242 2236 2222 2213 2207 2187 2149 2133 2123 2119 2110 2105
3009 3017 3034 3041 3055 3079 3100 3107 3099 3060 3045 3051 3057 3051 3044 3047 3066 3105 3153 3178 3156 3143 3066 3016 2956 2922 2858 2837 2801 2774 2761 2740 2734 2723 2705 2700 2692 2651 2624 2579 2565 2541 2530 2512 2469 2450 2437 2428 2409 2400 2385 2371 2366 2359 2355 2344 2337 2335 2321 2310 2303 2300 2288 2282 2283 2284 2259 2259 2257 2251 2244 2243 2230 2230 2223 2228 2208 2205 2172 2152 2141 2129 2125 2120 2117
3035 3055 3076 3085 3090 3095 3101 3099 3082 3047 3033 3035 3046 3036 3033 3043 3055 3095 3149 3175 3162 3137 3099 3044 2970 2936 2893 2849 2826 2804 2772 2768 2762 2742 2745 2737 2736 2708 2685 2667 2634 2582 2548 2520 2475 2461 2462 2449 2422 2410 2399 2388 2377 2370 2370 2356 2341 2337 2329 2320 2309 2300 2282 2273 2266 2264 2249 2244 2236 2229 2222 2217 2212 2209 2205 2205 2180 2179 2165 2160 2143 2136 2140 2134 2126
3065 3082 3099 3107 3099 3091 3079 3072 3047 3038 3034 3034 3039 3031 3032 3035 3037 3076 3137 3175 3162 3136 3110 3070 2972 2944 2914 2879 2857 2851 2842 2824 2813 2791 2754 2757 2758 2733 2699 2696 2677 2623 2582 2544 2519 2487 2474 2454 2426 2414 2403 2399 2380 2377 2379 2366 2355 2347 2341 2321 2310 2305 2286 2281 2273 2266 2249 2241 2230 2221 2217 2215 2212 2206 2203 2193 2184 2175 2168 2162 2156 2152 2150 2151 2142
3119 3129 3128 3109 3095 3084 3060 3054 3025 3023 3026 3026 3021 3024 3030 3031 3038 3075 3141 3172 3173 3141 3111 3081 3023 2976 2947 2915 2886 2893 2879 2855 2877 2835 2850 2854 2817 2796 2752 2726 2700 2674 2612 2565 2551 2526 2508 2483 2462 2429 2413 2402 2399 2392 2384 2378 2364 2356 2353 2339 2332 2318 2306 2284 2273 2269 2251 2241 2248 2239 2226 2214 2205 2196 2190 2186 2181 2170 2165 2159 2174 2171 2167 2174 2172
3186 3161 3136 3108 3079 3068 3054 3030 3013 3006 3020 3025 3011 3014 3024 3017 3034 3095 3161 3175 3176 3139 3113 3079 3054 3021 2993 2992 2982 2960 2947 2933 2891 2894 2900 2870 2868 2844 2829 2792 2758 2713 2678 2610 2571 2555 2517 2498 2483 2444 2432 2425 2416 2405 2396 2391 2372 2368 2356 2346 2328 2313 2304 2301 2285 2283 2274 2261 2257 2244 2225 2212 2223 2212 2201 2198 2196 2192 2192 2189 2178 2185 2184 2185 2202
