model/includes/DEM_Romanche_LIIres50.asc
ncols        360
nrows        284
xllcorner    905472.587580971420
yllcorner    2008604.186224062500
cellsize     50.000000000000
[rows 0 to 37 of 284, columns 85 to 169 of 360]
0 0 0 0 0 0 0 0 0 0 0 0 0 0 0 0 0 0 0 0 0 0 0 0 0 0 0 0 0 0 0 0 0 0 0 0 0 0 0 0 0 0 0 0 0 0 0 0 0 0 0 0 0 0 0 0 0 0 0 0 0 0 0 0 0 0 0 0 0 0 0 0 0 0 0 0 0 0 0 0 0 0 0 0 0
0 0 0 0 0 0 0 0 0 0 0 0 0 0 0 0 0 0 0 0 0 0 0 0 0 0 0 0 0 0 0 0 0 0 0 0 0 0 0 0 0 0 0 0 0 0 0 0 0 0 0 0 0 0 0 0 0 0 0 0 0 0 0 0 0 0 0 0 0 0 0 0 0 0 0 0 0 0 0 0 0 0 0 0 0
0 0 0 0 0 0 0 0 0 0 0 0 0 0 0 0 0 0 0 0 0 0 0 0 0 0 0 0 0 0 0 0 0 0 0 0 0 0 0 0 0 0 0 0 0 0 0 0 0 0 0 0 0 0 0 0 0 0 0 0 0 0 0 0 0 0 0 0 0 0 0 0 0 0 0 0 0 0 0 0 0 0 0 0 0
0 0 0 0 0 0 0 0 0 0 0 0 0 0 0 0 0 0 0 0 0 0 0 0 0 0 0 0 0 0 0 0 0 0 0 0 0 0 0 0 0 0 0 0 0 0 0 0 0 0 0 0 0 0 0 0 0 0 0 0 0 0 0 0 0 0 0 0 0 0 0 0 0 0 0 0 0 0 0 0 0 0 0 0 0
0 0 0 0 0 0 0 0 0 0 0 0 0 0 0 0 0 0 0 0 0 0 0 0 0 0 0 0 0 0 0 0 0 0 0 0 0 0 0 0 0 0 0 0 0 0 0 0 0 0 0 0 0 0 0 0 0 0 0 0 0 0 0 0 0 0 0 0 0 0 0 0 0 0 0 0 0 0 0 0 0 0 0 0 0
0 0 0 0 0 0 0 0 0 0 0 0 0 0 0 0 0 0 0 0 0 0 0 0 0 0 0 0 0 0 0 0 0 0 0 0 0 0 0 0 0 0 0 0 0 0 0 0 0 0 0 0 0 0 0 0 0 0 0 0 0 0 0 0 0 0 0 0 0 0 0 0 0 0 0 0 0 0 0 0 0 0 0 0 0
0 0 0 0 0 0 0 0 0 0 0 0 0 0 0 0 0 0 0 0 0 0 0 0 0 0 0 0 0 0 0 0 0 0 0 0 0 0 0 0 0 0 0 0 0 0 0 0 0 0 0 0 0 0 0 0 0 0 0 0 0 0 0 0 0 0 0 0 0 0 0 0 0 0 0 0 0 0 0 0 0 0 0 0 0
0 0 0 0 0 0 0 0 0 0 0 0 0 0 0 0 0 0 0 0 0 0 0 0 0 0 0 0 0 0 0 0 0 0 0 0 0 0 0 0 0 0 0 0 0 0 0 0 0 0 0 0 0 0 0 0 0 0 0 0 0 0 0 0 0 0 0 0 0 0 0 0 0 0 0 0 0 0 0 0 0 0 0 0 0
0 0 0 0 0 0 0 0 0 0 0 0 0 0 0 0 0 0 0 0 0 0 0 0 0 0 0 0 0 0 0 0 0 0 0 0 0 0 0 0 0 0 0 0 0 0 0 0 0 0 0 0 0 0 0 0 0 0 0 0 0 0 0 0 0 0 0 0 0 0 0 0 0 0 0 0 0 0 0 0 0 0 0 0 0
0 0 0 0 0 0 0 0 0 0 0 0 0 0 0 0 0 0 0 0 0 0 0 0 0 0 0 0 0 0 0 0 0 0 0 0 0 0 0 0 0 0 0 0 0 0 0 0 0 0 0 0 0 0 0 0 0 0 0 0 0 0 0 0 0 0 0 0 0 0 0 0 0 0 0 0 2455 2503 2538 2570 2630 2666 2700 2729 2779
0 0 0 0 0 0 0 0 0 0 0 0 0 0 0 0 0 0 0 0 0 0 0 0 0 0 0 0 0 0 0 0 0 0 0 0 0 0 0 0 0 0 0 0 0 0 0 0 0 0 0 0 0 0 0 0 2182 2155 2133 2136 2150 2164 2176 2202 2219 2236 2249 2258 2280 2293 2305 2330 2352 2387 2439 2453 2469 2509 2539 2575 2605 2657 2688 2719 2769
0 0 0 0 0 0 0 0 0 0 0 0 0 0 0 0 0 0 0 0 0 0 0 0 0 0 0 0 0 0 0 0 0 0 0 0 2410 2431 2432 2427 2421 2415 2409 2400 2396 2390 2375 2367 2349 2345 2317 2299 2273 2244 2228 2201 2183 2154 2138 2131 2162 2181 2192 2212 2237 2254 2261 2272 2287 2296 2305 2342 2375 2418 2470 2485 2500 2507 2550 2577 2598 2645 2676 2706 2742
0 0 0 0 0 0 0 0 0 0 0 0 0 0 0 0 2300 2329 2354 2355 2347 2325 2298 2287 2269 2226 2173 2150 2155 2215 2246 2274 2300 2331 2355 2377 2420 2444 2449 2451 2439 2459 2456 2429 2420 2415 2407 2381 2363 2349 2320 2304 2274 2252 2214 2197 2173 2158 2144 2141 2158 2169 2189 2210 2232 2253 2265 2280 2296 2302 2321 2363 2400 2437 2464 2503 2513 2522 2564 2591 2616 2642 2679 2706 2743
2424 2424 2419 2408 2390 2366 2335 2313 2289 2279 2283 2270 2223 2238 2258 2290 2310 2337 2352 2370 2361 2364 2341 2321 2297 2271 2190 2177 2188 2230 2257 2281 2299 2343 2362 2388 2435 2459 2470 2481 2482 2481 2464 2438 2421 2409 2396 2365 2345 2331 2319 2304 2277 2248 2212 2190 2176 2165 2166 2157 2161 2173 2187 2198 2201 2233 2255 2274 2298 2309 2332 2358 2405 2435 2464 2513 2529 2541 2558 2595 2622 2648 2691 2730 2762
2427 2433 2426 2413 2403 2372 2353 2335 2322 2299 2288 2279 2235 2261 2294 2306 2323 2338 2359 2393 2397 2387 2366 2335 2308 2272 2215 2192 2209 2239 2280 2305 2325 2350 2368 2398 2427 2461 2490 2503 2504 2488 2465 2447 2421 2415 2397 2369 2346 2327 2316 2299 2271 2259 2219 2201 2194 2182 2176 2174 2170 2184 2194 2218 2222 2236 2249 2276 2303 2325 2338 2360 2405 2428 2460 2499 2518 2541 2563 2605 2632 2674 2711 2751 2775
2446 2439 2425 2416 2402 2379 2353 2347 2342 2323 2303 2280 2263 2276 2303 2314 2330 2343 2371 2391 2422 2413 2395 2363 2317 2265 2232 2198 2207 2239 2302 2331 2345 2358 2394 2419 2449 2478 2497 2514 2512 2485 2466 2463 2441 2434 2424 2401 2373 2351 2315 2298 2281 2262 2236 2223 2208 2197 2194 2201 2207 2211 2218 2228 2237 2245 2255 2278 2298 2327 2345 2365 2402 2425 2459 2485 2514 2541 2566 2608 2652 2675 2701 2746 2778
2459 2453 2440 2420 2399 2386 2360 2350 2343 2336 2319 2299 2277 2305 2323 2333 2338 2359 2376 2394 2427 2417 2403 2398 2342 2266 2240 2209 2216 2249 2294 2342 2352 2375 2402 2434 2459 2473 2493 2509 2509 2492 2486 2476 2465 2455 2448 2427 2418 2391 2349 2320 2305 2276 2253 2225 2209 2202 2200 2206 2217 2230 2251 2260 2267 2278 2272 2279 2294 2329 2348 2370 2393 2437 2468 2489 2520 2545 2572 2604 2649 2676 2705 2749 2795
2471 2465 2456 2443 2417 2401 2377 2366 2362 2359 2339 2311 2287 2313 2332 2351 2357 2374 2390 2411 2436 2422 2410 2394 2345 2287 2254 2221 2237 2264 2328 2357 2375 2393 2412 2445 2460 2467 2492 2508 2526 2526 2519 2515 2511 2501 2485 2463 2440 2406 2362 2339 2321 2301 2274 2251 2236 2220 2214 2213 2225 2243 2251 2258 2273 2299 2310 2300 2301 2320 2346 2370 2395 2443 2470 2499 2522 2566 2593 2617 2661 2696 2723 2758 2797
2501 2495 2479 2457 2435 2413 2396 2379 2399 2383 2350 2336 2318 2312 2342 2356 2359 2376 2395 2418 2445 2436 2406 2387 2353 2318 2272 2247 2245 2281 2322 2357 2365 2382 2403 2428 2439 2454 2492 2513 2534 2547 2541 2538 2541 2541 2522 2498 2466 2427 2405 2372 2335 2311 2287 2268 2244 2236 2231 2231 2244 2253 2262 2277 2289 2312 2329 2329 2327 2344 2351 2377 2423 2453 2489 2523 2549 2579 2612 2631 2654 2709 2752 2774 2818
2527 2515 2502 2490 2455 2442 2423 2415 2413 2397 2371 2354 2343 2333 2348 2361 2370 2382 2408 2437 2457 2434 2410 2387 2365 2345 2315 2291 2283 2286 2314 2331 2360 2383 2406 2422 2436 2456 2478 2511 2540 2560 2582 2585 2581 2564 2528 2505 2480 2458 2435 2395 2362 2328 2310 2301 2264 2251 2244 2248 2258 2262 2289 2309 2322 2340 2352 2372 2361 2359 2370 2389 2434 2468 2501 2541 2566 2595 2635 2649 2675 2740 2770 2791 2822
2535 2522 2516 2511 2468 2469 2455 2456 2436 2416 2401 2370 2349 2339 2342 2370 2379 2401 2429 2463 2470 2447 2427 2405 2389 2360 2341 2305 2289 2296 2308 2332 2370 2396 2415 2421 2434 2459 2484 2511 2539 2558 2576 2609 2618 2586 2541 2520 2489 2472 2438 2411 2379 2339 2337 2325 2319 2267 2259 2273 2288 2299 2308 2324 2347 2360 2378 2392 2399 2390 2385 2414 2446 2472 2513 2547 2567 2603 2641 2674 2701 2766 2791 2831 2869
2551 2536 2525 2519 2497 2484 2470 2457 2441 2418 2408 2395 2360 2350 2352 2379 2392 2411 2430 2461 2478 2458 2454 2442 2427 2410 2376 2352 2325 2306 2320 2342 2364 2399 2420 2431 2439 2449 2470 2500 2527 2538 2563 2613 2619 2597 2576 2536 2512 2493 2456 2433 2415 2385 2354 2350 2341 2290 2272 2292 2312 2343 2361 2371 2385 2404 2408 2403 2411 2410 2410 2447 2464 2495 2518 2557 2581 2612 2667 2690 2727 2760 2804 2887 2904
2558 2545 2531 2516 2510 2502 2494 2473 2438 2422 2412 2402 2366 2356 2370 2389 2406 2431 2450 2481 2501 2498 2489 2473 2451 2432 2395 2382 2354 2327 2331 2346 2360 2392 2413 2428 2434 2446 2467 2488 2508 2521 2543 2583 2608 2606 2585 2552 2531 2506 2485 2467 2450 2433 2426 2410 2376 2345 2294 2302 2316 2357 2373 2387 2416 2450 2469 2480 2482 2486 2476 2465 2482 2511 2525 2570 2608 2644 2685 2736 2771 2796 2863 2904 2919
2567 2552 2530 2519 2513 2509 2505 2475 2455 2438 2428 2425 2386 2371 2374 2388 2417 2435 2457 2501 2520 2542 2547 2522 2483 2460 2427 2394 2367 2338 2330 2334 2335 2357 2398 2423 2439 2437 2451 2471 2494 2513 2536 2563 2582 2600 2609 2585 2560 2534 2508 2486 2466 2453 2454 2425 2398 2358 2322 2321 2334 2351 2381 2409 2430 2462 2483 2504 2520 2525 2522 2515 2521 2544 2564 2588 2623 2658 2711 2758 2782 2832 2869 2920 2944
2574 2560 2539 2532 2530 2529 2504 2481 2461 2443 2439 2435 2421 2391 2396 2405 2422 2452 2484 2505 2531 2564 2561 2539 2505 2473 2448 2409 2382 2357 2343 2340 2343 2354 2397 2423 2431 2439 2440 2446 2467 2502 2519 2535 2574 2595 2613 2617 2595 2569 2553 2524 2499 2492 2483 2456 2417 2373 2331 2330 2337 2356 2382 2411 2433 2469 2493 2520 2545 2543 2543 2540 2549 2574 2589 2616 2666 2699 2749 2766 2813 2853 2885 2918 2952
2582 2570 2554 2545 2546 2528 2503 2495 2481 2467 2451 2439 2419 2398 2405 2417 2433 2478 2496 2522 2558 2576 2573 2557 2510 2484 2462 2423 2417 2397 2384 2390 2388 2375 2406 2425 2431 2436 2437 2446 2456 2483 2498 2520 2545 2585 2613 2628 2613 2602 2582 2561 2534 2535 2516 2476 2457 2425 2381 2353 2360 2358 2382 2415 2447 2463 2492 2523 2546 2565 2573 2570 2585 2597 2608 2638 2680 2721 2765 2785 2832 2857 2889 2925 2943
2602 2575 2563 2553 2536 2518 2501 2495 2487 2476 2457 2441 2425 2415 2417 2425 2441 2485 2505 2532 2556 2593 2583 2565 2527 2510 2485 2462 2442 2429 2420 2416 2400 2392 2393 2413 2413 2414 2424 2433 2447 2464 2494 2509 2536 2566 2594 2615 2634 2643 2636 2612 2583 2553 2527 2497 2472 2442 2425 2382 2379 2383 2401 2427 2453 2475 2499 2518 2539 2559 2585 2604 2626 2641 2640 2661 2695 2750 2782 2808 2839 2867 2887 2909 2938
2602 2581 2559 2540 2529 2516 2506 2493 2487 2475 2457 2441 2430 2435 2435 2449 2470 2502 2527 2551 2573 2603 2590 2570 2539 2540 2511 2489 2473 2458 2450 2439 2410 2395 2389 2405 2413 2412 2427 2441 2450 2459 2481 2499 2521 2543 2585 2613 2635 2655 2663 2645 2627 2600 2568 2532 2496 2473 2439 2419 2388 2397 2426 2448 2461 2484 2493 2528 2542 2556 2586 2606 2628 2640 2654 2693 2710 2756 2795 2831 2844 2862 2882 2903 2934
2602 2581 2559 2544 2526 2517 2514 2502 2498 2491 2470 2445 2450 2450 2448 2459 2484 2506 2546 2582 2602 2614 2603 2585 2566 2549 2520 2495 2487 2469 2470 2459 2428 2415 2399 2394 2405 2417 2434 2452 2461 2468 2482 2503 2518 2533 2578 2610 2630 2661 2678 2660 2638 2615 2579 2552 2527 2497 2485 2466 2433 2437 2440 2461 2473 2487 2502 2543 2563 2574 2590 2615 2631 2645 2669 2693 2710 2740 2799 2829 2836 2860 2872 2888 2911
2608 2597 2580 2554 2529 2525 2521 2513 2502 2490 2477 2460 2460 2457 2463 2485 2501 2516 2562 2592 2623 2630 2613 2602 2587 2563 2547 2530 2527 2493 2475 2463 2447 2430 2415 2410 2396 2407 2424 2457 2467 2479 2489 2508 2518 2528 2574 2598 2629 2664 2690 2695 2670 2629 2601 2564 2538 2508 2500 2481 2459 2462 2468 2483 2504 2517 2531 2557 2581 2589 2605 2621 2649 2674 2700 2723 2744 2773 2807 2822 2829 2848 2870 2886 2904
2614 2608 2595 2568 2548 2535 2524 2516 2505 2504 2481 2469 2477 2468 2476 2511 2531 2548 2573 2611 2645 2658 2633 2611 2596 2584 2566 2580 2559 2519 2502 2491 2474 2452 2441 2418 2397 2408 2427 2445 2443 2460 2477 2492 2503 2523 2551 2588 2625 2657 2694 2704 2702 2670 2629 2609 2579 2537 2520 2499 2474 2475 2478 2501 2529 2548 2561 2577 2602 2610 2623 2643 2655 2684 2713 2736 2760 2799 2820 2834 2848 2872 2885 2899 2908
2639 2631 2613 2573 2549 2535 2526 2526 2515 2504 2490 2484 2493 2489 2500 2510 2540 2560 2582 2624 2671 2687 2688 2652 2643 2630 2618 2599 2577 2550 2531 2514 2507 2467 2454 2433 2410 2410 2427 2434 2437 2450 2467 2480 2491 2512 2546 2583 2612 2646 2680 2710 2714 2687 2642 2618 2594 2580 2548 2528 2513 2507 2508 2523 2534 2560 2573 2590 2613 2627 2643 2660 2683 2700 2721 2763 2794 2816 2830 2855 2873 2905 2926 2933 2948
2642 2647 2621 2594 2570 2553 2543 2531 2523 2500 2492 2498 2512 2512 2520 2531 2568 2590 2625 2659 2685 2709 2703 2681 2687 2684 2672 2630 2611 2588 2561 2542 2519 2487 2458 2440 2419 2414 2417 2428 2438 2449 2452 2464 2490 2513 2544 2568 2608 2639 2677 2715 2724 2714 2686 2642 2616 2591 2575 2554 2531 2542 2545 2553 2567 2589 2606 2607 2619 2636 2650 2667 2697 2713 2758 2778 2819 2837 2860 2888 2898 2917 2936 2956 2962
2653 2651 2629 2600 2583 2567 2553 2534 2523 2513 2512 2518 2520 2529 2532 2545 2587 2617 2647 2666 2718 2735 2741 2732 2723 2714 2695 2650 2633 2607 2567 2543 2516 2493 2468 2452 2443 2420 2419 2432 2444 2468 2467 2467 2480 2520 2547 2569 2605 2638 2675 2704 2729 2728 2715 2675 2644 2629 2619 2609 2575 2562 2560 2568 2585 2599 2629 2635 2647 2662 2675 2689 2711 2745 2765 2784 2834 2849 2879 2902 2922 2943 2966 2991 2997
2666 2658 2648 2626 2591 2568 2555 2540 2530 2525 2534 2530 2540 2550 2559 2579 2596 2636 2659 2676 2746 2764 2811 2799 2780 2762 2736 2685 2651 2618 2592 2551 2524 2498 2488 2470 2462 2456 2435 2437 2454 2477 2476 2469 2480 2514 2535 2563 2599 2625 2664 2691 2736 2747 2731 2693 2671 2646 2644 2643 2613 2602 2599 2598 2605 2624 2649 2650 2661 2667 2690 2718 2728 2756 2782 2806 2841 2881 2895 2916 2937 2964 2980 3006 3029
2673 2664 2662 2633 2601 2577 2567 2560 2551 2550 2548 2546 2560 2559 2581 2597 2618 2653 2691 2727 2776 2830 2832 2815 2797 2772 2745 2720 2673 2647 2620 2564 2530 2519 2507 2478 2471 2460 2447 2447 2445 2460 2487 2489 2485 2502 2527 2553 2581 2625 2657 2670 2724 2751 2745 2732 2711 2693 2679 2657 2629 2620 2614 2633 2638 2655 2669 2679 2688 2701 2721 2727 2740 2771 2792 2817 2853 2907 2926 2962 2971 2984 3006 3019 3052
2680 2675 2669 2648 2621 2590 2602 2588 2573 2568 2576 2568 2574 2588 2602 2619 2627 2664 2709 2776 2819 2861 2847 2832 2819 2783 2747 2719 2676 2655 2633 2607 2567 2538 2522 2506 2485 2472 2464 2444 2448 2462 2486 2492 2498 2505 2522 2549 2573 2609 2644 2666 2705 2754 2753 2744 2728 2712 2703 2688 2663 2657 2649 2651 2664 2674 2689 2696 2716 2724 2746 2763 2777 2799 2823 2844 2871 2913 2935 2968 2984 3011 3035 3054 3089
2697 2691 2687 2681 2652 2630 2615 2600 2584 2575 2582 2594 2603 2608 2627 2648 2662 2685 2746 2798 2861 2861 2845 2823 2811 2784 2747 2725 2702 2665 2648 2613 2584 2558 2539 2526 2512 2501 2483 2449 2459 2477 2485 2501 2499 2508 2533 2558 2582 2602 2640 2671 2712 2756 2759 2755 2739 2719 2712 2711 2723 2710 2697 2689 2685 2687 2698 2712 2728 2734 2747 2772 2788 2816 2852 2879 2900 2922 2960 3007 3010 3035 3054 3072 3103
